52.528113808655505  13.399968020990922
53.55811888716081   9.98820301959211
48.16212163403108   11.5665425053288
50.110324690799196  8.679707658099735
50.9441769935096    6.974177060263941
48.78421791405203   9.181251656077713
51.24220794144619   6.800605620908089
52.38625764911328   9.733994270635609
53.08690438007721   8.796076925328052
52.43054778270916   10.772084279015617
51.467747883472974  7.020126458353223
51.52456302046227   7.464004179036355
49.45383415138242   11.07740686616744
51.34852924866785   12.379890348754374
48.773712748691366  11.407114317577676
51.05730059010741   13.734121839635113
50.73919416845634   7.097040681503483
49.02170089993332   12.10620034741526
51.48926287923369   11.977891215368544
49.484473888960736  8.398901795390252